## htsjdk.samtools.metrics.StringHeader
# CollectInsertSizeMetrics HISTOGRAM_FILE=/home/aishamehmood/Project_Mutect2/aligned/HG008-N-D_insert_size_histogram.pdf INPUT=/home/aishamehmood/Project_Mutect2/aligned/HG008-N-D_sorted_dedup_bqsr_reads.bam OUTPUT=/home/aishamehmood/Project_Mutect2/aligned/HG008-N-D_insert_size_metrics.txt    DEVIATIONS=10.0 MINIMUM_PCT=0.05 METRIC_ACCUMULATION_LEVEL=[ALL_READS] INCLUDE_DUPLICATES=false ASSUME_SORTED=true STOP_AFTER=0 VERBOSITY=INFO QUIET=false VALIDATION_STRINGENCY=STRICT COMPRESSION_LEVEL=2 MAX_RECORDS_IN_RAM=500000 CREATE_INDEX=false CREATE_MD5_FILE=false USE_JDK_DEFLATER=false USE_JDK_INFLATER=false
## htsjdk.samtools.metrics.StringHeader
# Started on: Sun Jan 19 00:24:46 AST 2025

## METRICS CLASS	picard.analysis.InsertSizeMetrics
MEDIAN_INSERT_SIZE	MODE_INSERT_SIZE	MEDIAN_ABSOLUTE_DEVIATION	MIN_INSERT_SIZE	MAX_INSERT_SIZE	MEAN_INSERT_SIZE	STANDARD_DEVIATION	READ_PAIRS	PAIR_ORIENTATION	WIDTH_OF_10_PERCENT	WIDTH_OF_20_PERCENT	WIDTH_OF_30_PERCENT	WIDTH_OF_40_PERCENT	WIDTH_OF_50_PERCENT	WIDTH_OF_60_PERCENT	WIDTH_OF_70_PERCENT	WIDTH_OF_80_PERCENT	WIDTH_OF_90_PERCENT	WIDTH_OF_95_PERCENT	WIDTH_OF_99_PERCENT	SAMPLE	LIBRARY	READ_GROUP
419	389	62	2	224621029	427.697439	98.640256	982640	FR	25	47	73	97	125	157	195	243	323	401	595			

## HISTOGRAM	java.lang.Integer
insert_size	All_Reads.fr_count
2	13
3	7
4	7
5	9
6	12
7	7
8	8
9	10
10	5
11	12
12	10
13	6
14	9
15	8
16	13
17	3
18	11
19	11
20	23
21	9
22	11
23	4
24	8
25	7
26	6
27	9
28	5
29	11
30	11
31	8
32	3
33	11
34	11
35	9
36	10
37	5
38	13
39	9
40	8
41	12
42	14
43	12
44	12
45	13
46	10
47	13
48	17
49	12
50	8
51	12
52	22
53	17
54	21
55	14
56	13
57	16
58	16
59	17
60	12
61	14
62	17
63	18
64	24
65	21
66	13
67	15
68	19
69	15
70	21
71	25
72	14
73	20
74	21
75	20
76	16
77	17
78	17
79	16
80	27
81	27
82	18
83	32
84	26
85	23
86	23
87	22
88	28
89	22
90	22
91	25
92	27
93	25
94	21
95	26
96	19
97	18
98	18
99	26
100	24
101	24
102	19
103	25
104	17
105	25
106	31
107	26
108	22
109	29
110	26
111	25
112	34
113	22
114	29
115	35
116	29
117	26
118	37
119	31
120	29
121	31
122	29
123	47
124	33
125	44
126	26
127	34
128	27
129	39
130	36
131	38
132	31
133	29
134	50
135	48
136	30
137	51
138	48
139	55
140	42
141	50
142	46
143	43
144	44
145	37
146	42
147	50
148	44
149	50
150	52
151	51
152	59
153	52
154	42
155	65
156	50
157	46
158	74
159	61
160	69
161	76
162	67
163	73
164	75
165	52
166	68
167	67
168	81
169	68
170	101
171	68
172	84
173	78
174	83
175	87
176	89
177	87
178	85
179	97
180	88
181	108
182	116
183	113
184	95
185	99
186	96
187	108
188	118
189	104
190	143
191	120
192	136
193	148
194	151
195	154
196	151
197	139
198	127
199	159
200	166
201	148
202	168
203	160
204	178
205	171
206	182
207	171
208	188
209	215
210	191
211	176
212	193
213	206
214	186
215	222
216	239
217	222
218	240
219	217
220	223
221	276
222	254
223	308
224	271
225	278
226	283
227	307
228	306
229	300
230	309
231	282
232	342
233	337
234	372
235	346
236	383
237	351
238	398
239	415
240	423
241	427
242	443
243	431
244	436
245	416
246	446
247	444
248	476
249	528
250	508
251	577
252	547
253	536
254	584
255	606
256	634
257	641
258	598
259	636
260	687
261	680
262	731
263	708
264	736
265	768
266	752
267	760
268	808
269	796
270	848
271	884
272	832
273	892
274	849
275	988
276	981
277	1028
278	1038
279	1038
280	1108
281	1086
282	1102
283	1092
284	1121
285	1176
286	1223
287	1179
288	1280
289	1332
290	1343
291	1347
292	1348
293	1442
294	1455
295	1408
296	1494
297	1518
298	1538
299	1621
300	1663
301	1711
302	1699
303	1741
304	1790
305	1782
306	1831
307	1878
308	1932
309	1956
310	1952
311	2026
312	2115
313	2097
314	2237
315	2154
316	2254
317	2340
318	2277
319	2299
320	2377
321	2460
322	2568
323	2522
324	2521
325	2638
326	2579
327	2627
328	2683
329	2587
330	2671
331	2826
332	2888
333	2871
334	3000
335	2953
336	2996
337	3074
338	3080
339	3052
340	3129
341	3245
342	3259
343	3274
344	3361
345	3365
346	3332
347	3430
348	3488
349	3370
350	3651
351	3689
352	3656
353	3588
354	3757
355	3655
356	3826
357	3853
358	3871
359	3782
360	3919
361	4005
362	3990
363	3829
364	4020
365	4025
366	4131
367	3978
368	4143
369	4088
370	4082
371	4146
372	4118
373	4192
374	4288
375	4176
376	4220
377	4296
378	4381
379	4264
380	4326
381	4276
382	4280
383	4360
384	4509
385	4454
386	4307
387	4397
388	4320
389	4516
390	4367
391	4428
392	4412
393	4378
394	4333
395	4388
396	4474
397	4444
398	4450
399	4470
400	4375
401	4338
402	4283
403	4456
404	4434
405	4393
406	4294
407	4334
408	4361
409	4339
410	4360
411	4405
412	4364
413	4347
414	4400
415	4252
416	4136
417	4341
418	4227
419	4234
420	4088
421	4193
422	4217
423	4133
424	4134
425	4100
426	4027
427	4136
428	4085
429	4049
430	4095
431	4153
432	4079
433	3868
434	3927
435	3938
436	3920
437	3961
438	3869
439	3891
440	3821
441	3837
442	3872
443	3770
444	3884
445	3745
446	3690
447	3616
448	3755
449	3670
450	3623
451	3569
452	3636
453	3604
454	3582
455	3617
456	3484
457	3479
458	3566
459	3595
460	3408
461	3346
462	3369
463	3378
464	3354
465	3213
466	3241
467	3229
468	3220
469	3301
470	3296
471	3220
472	3199
473	3157
474	3145
475	3158
476	3046
477	2981
478	2985
479	2930
480	3061
481	2948
482	2901
483	2980
484	3008
485	2911
486	2852
487	2813
488	2808
489	2709
490	2738
491	2748
492	2749
493	2638
494	2661
495	2658
496	2620
497	2716
498	2571
499	2619
500	2568
501	2577
502	2483
503	2456
504	2494
505	2473
506	2424
507	2342
508	2389
509	2390
510	2342
511	2307
512	2241
513	2326
514	2277
515	2285
516	2180
517	2232
518	2190
519	2209
520	2128
521	2125
522	2115
523	2133
524	2110
525	1999
526	1978
527	1984
528	1949
529	1977
530	1935
531	1982
532	1914
533	1905
534	1894
535	1898
536	1712
537	1855
538	1769
539	1758
540	1715
541	1751
542	1767
543	1764
544	1625
545	1677
546	1687
547	1628
548	1659
549	1589
550	1575
551	1572
552	1539
553	1526
554	1516
555	1536
556	1483
557	1466
558	1496
559	1491
560	1433
561	1411
562	1371
563	1337
564	1334
565	1352
566	1244
567	1336
568	1282
569	1352
570	1302
571	1195
572	1205
573	1235
574	1100
575	1219
576	1189
577	1148
578	1103
579	1105
580	1071
581	1101
582	1082
583	1020
584	1030
585	1053
586	1051
587	1014
588	1035
589	1026
590	1012
591	960
592	943
593	956
594	920
595	900
596	846
597	928
598	888
599	813
600	835
601	843
602	804
603	743
604	763
605	798
606	732
607	770
608	736
609	690
610	720
611	689
612	677
613	687
614	726
615	674
616	654
617	641
618	608
619	607
620	643
621	638
622	594
623	585
624	533
625	569
626	541
627	558
628	539
629	537
630	515
631	521
632	489
633	505
634	493
635	454
636	499
637	453
638	470
639	460
640	430
641	459
642	422
643	424
644	368
645	379
646	412
647	385
648	379
649	378
650	367
651	349
652	381
653	390
654	385
655	344
656	352
657	349
658	319
659	339
660	308
661	312
662	310
663	296
664	302
665	290
666	269
667	260
668	294
669	254
670	275
671	271
672	264
673	260
674	239
675	253
676	243
677	231
678	231
679	221
680	232
681	249
682	214
683	223
684	219
685	201
686	213
687	194
688	190
689	179
690	191
691	183
692	171
693	183
694	199
695	156
696	181
697	183
698	148
699	125
700	160
701	146
702	177
703	146
704	154
705	141
706	132
707	113
708	132
709	124
710	132
711	127
712	114
713	124
714	127
715	135
716	97
717	128
718	113
719	111
720	90
721	92
722	114
723	112
724	76
725	113
726	81
727	91
728	90
729	104
730	85
731	100
732	75
733	91
734	83
735	73
736	90
737	75
738	81
739	71
740	78
741	80
742	81
743	75
744	72
745	68
746	67
747	59
748	61
749	43
750	49
751	61
752	58
753	54
754	53
755	45
756	50
757	51
758	68
759	50
760	49
761	56
762	48
763	63
764	42
765	52
766	40
767	46
768	41
769	41
770	48
771	56
772	35
773	36
774	36
775	26
776	36
777	29
778	34
779	28
780	42
781	30
782	27
783	21
784	28
785	28
786	33
787	30
788	32
789	35
790	26
791	24
792	28
793	30
794	21
795	23
796	20
797	28
798	18
799	26
800	22
801	23
802	20
803	19
804	30
805	22
806	20
807	19
808	23
809	21
810	18
811	12
812	13
813	22
814	16
815	21
816	13
817	13
818	15
819	9
820	14
821	11
822	25
823	22
824	10
825	14
826	17
827	16
828	12
829	7
830	10
831	15
832	9
833	9
834	8
835	6
836	13
837	9
838	8
839	8
840	16
841	10
842	13
843	12
844	8
845	10
846	8
847	6
848	12
849	8
850	5
851	7
852	11
853	11
854	7
855	6
856	13
857	11
858	6
859	3
860	6
861	4
862	16
863	3
864	4
865	7
866	5
867	9
868	4
869	4
870	7
871	5
872	4
873	1
874	2
875	4
876	5
878	3
879	3
880	5
881	3
882	3
883	3
884	5
885	4
886	2
887	6
888	1
889	2
890	2
891	3
892	1
893	5
894	4
895	3
896	1
897	3
898	5
899	3
901	3
902	5
903	2
905	2
906	1
907	5
908	4
909	2
910	1
911	3
912	1
913	1
914	2
915	1
916	3
917	4
918	4
919	1
921	1
922	2
923	2
924	3
925	1
928	5
929	2
930	2
931	2
932	1
933	2
934	1
935	1
936	2
937	1
939	2
940	2
942	3
944	1
947	4
949	1
950	2
951	1
954	1
955	1
956	1
957	2
958	1
959	1
960	1
961	1
963	1
967	1
969	1
970	1
971	4
973	2
974	2
978	1
980	2
982	1
986	1
987	1
988	1
991	1
992	1
993	1
999	1
1000	2
1003	1
1007	1
1011	1
1012	1
1016	2
1022	1
1025	1
1029	1
1030	1
1032	1
1035	1

